./find 42 < numbers.txt./find 42 < numbers.txt33194
10231
64632
2064
58424
64756
64666
57311
46500
27240
16180
12147
991
59954
20624
10555
954
9456
22620
43235
4714
15139
32486
53310
50856
9939
297
8500
46123
36819
5090
5329
42510
14784
14335
30463
22762
31283
59123
32284
45206
35816
62286
35672
10661
49358
50276
16262
53325
30037
51756
32102
24418
43911
29742
39201
44843
36868
23114
17031
16024
5856
37906
16239
9980
54900
55790
17161
3096
19106
38502
45192
50480
32910
37917
57799
20882
39159
14916
16152
49215
41765
1066
39695
45305
39761
64764
34263
63911
10881
58679
46520
22404
31386
22522
59465
19633
42136
53624
22341
55808
4255
6537
49154
30601
29690
64576
10868
58797
55458
51740
55226
24908
28819
10529
44459
47595
38284
56063
57318
23836
44994
16801
44298
53337
19504
20144
39588
20327
10597
53858
25127
29252
45192
42544
38706
18394
13285
18352
12715
15222
27885
8710
30522
14280
23898
63699
1378
46021
47791
53465
58030
59884
64587
61596
53106
14847
39816
30928
33024
17868
61110
59661
55745
29702
41936
9236
35048
13881
25168
7947
8911
22839
44410
64567
47632
16284
11570
31362
12162
46467
64557
11080
56905
61455
12901
1639
26527
46267
21264
44257
16951
55424
35324
56193
18694
40702
15630
21634
61314
43859
43187
28644
31708
28771
20665
53735
54528
29244
36672
46204
6197
24357
35080
10062
29550
35411
7622
35126
15355
46339
58515
55494
6047
14987
1070
55157
26125
39323
23827
5886
9543
17954
27700
4611
59880
36078
61761
19261
30652
53668
26250
61606
13645
23116
60257
46433
26704
20113
22607
64764
36779
15711
50950
16419
39981
59099
8893
60762
29009
52248
6390
19190
21969
3759
33495
55736
36521
63912
42015
60469
43142
30800
13161
3583
14848
12242
22284
6542
38533
41708
44979
39991
52372
3390
17761
14282
54424
41657
4485
55397
24051
53397
53549
52836
43111
36292
27053
38689
12019
55702
8230
32399
6351
11831
7673
24372
54188
62055
43299
59559
29155
14342
19504
48567
22105
17618
7787
56867
61559
17735
60865
37784
17152
63542
14746
6524
17255
18858
31757
33396
51770
30284
63044
47286
29408
709
8590
38433
61338
15911
39061
57966
43108
10301
6207
59242
1635
65002
30092
20630
17513
50171
45560
15312
38316
25911
53917
63318
43171
10211
43965
38218
6937
49995
23252
41388
8307
27604
55587
15458
2493
3382
38842
10426
23306
15334
59716
3622
53468
22986
38052
56822
64816
1044
757
48840
44187
14861
21291
56215
60098
13283
14893
20711
32973
38483
65518
12783
2652
27050
27852
14552
1143
57693
59109
21415
28606
53890
59715
33394
4790
33801
65240
46572
3033
61719
23990
55082
3101
23927
33753
21785
15271
19146
62114
29062
53692
5316
32954
45420
53546
12267
8237
57909
2394
49822
22517
58044
31794
61695
49553
2639
2219
10853
21609
38238
51931
22603
9820
54676
64375
21411
2803
7579
21455
11295
25964
3749
38644
54774
56771
21086
65221
54171
484
7816
62185
37587
17126
35606
51655
62699
1670
43014
61248
59813
34688
61405
56378
2351
6178
46758
58140
44093
43405
18020
12981
28553
42007
43080
12465
14994
35398
35139
45332
32277
15362
4034
48989
13892
11112
58003
62057
27828
25644
36335
19397
12140
57859
5641
49320
47861
38475
1543
62455
34192
27028
498
47152
57225
65179
41290
25562
30955
35464
41405
15773
42242
34170
52549
35939
4422
38763
59386
38519
38110
3064
48953
56922
4373
23657
55554
42920
14080
24086
3701
38826
42143
15585
35489
38620
47412
16787
42662
53382
56924
8997
4225
20008
51034
13458
43628
39904
23247
38579
59432
43935
64061
58229
56761
48366
38799
50569
10957
63663
18519
6573
54986
10702
41533
36170
42584
8054
20720
62824
33724
53631
50590
39267
576
63074
12118
29271
35347
57780
50197
31597
16439
58566
49460
62458
42161
5955
53
15213
15298
5448
61479
21532
27656
31288
44329
15796
18222
25921
39975
7818
58272
17599
49701
33925
42896
17019
14705
3856
48934
39545
62758
17341
31912
45798
4584
39768
37017
9201
29353
29988
38127
54324
24372
20032
63589
38971
24869
39975
51484
15207
8200
65180
32612
48377
32887
12315
48599
48844
41051
30634
64037
27464
24194
13393
21906
24305
10623
64916
13293
46691
43948
23955
44941
13708
13405
13495
10065
26343
13076
50396
19612
35675
50496
22186
14687
39956
56200
36693
54582
30839
19963
19507
50099
35451
57267
9204
1987
48308
36952
14223
47346
64991
7421
32587
35166
53221
32780
14038
22145
31309
61970
63061
44640
33851
4269
43611
42358
38580
42773
16726
54127
63244
12642
5956
1052
29037
49900
63520
35572
63158
62788
53950
4228
60804
556
49493
46624
30319
3257
65177
5118
48578
56716
22121
39920
9010
16675
1057
32366
8374
44795
9859
13268
44838
39368
42615
6115
38716
36255
53904
9452
62239
11716
63964
19934
52559
60025
62729
28147
38937
27740
2454
26918
25376
53344
43097
17755
38106
53790
47722
34860
17077
27538
1755
33838
28176
38536
33754
61769
46220
9752
28623
55723
53653
56126
61083
44900
29722
14253
46300
6339
55220
19182
25325
29374
39687
240
29666
11231
61344
58236
46549
24324
22666
60170
51520
40615
15976
56342
4189
50904
4170
52759
14031
14488
544
13626
16467
54381
43679
4595
5173
54963
23826
34271
15932
50681
38432
54847
7502
36245
50977
1598
47205
46085
14547
28608
48081
8374
17855
44539
48968
52973
21869
29290
31097
1703
29967
30876
17338
40976
14204
20658
41023
34183
24363
34958
62352
8832
20319
21005
28294
60950
6291
60985
9644
30269
17773
17309
27961
40710
6970
19919
62121
34881
29111
53127
26171
17794
25556
31709
19344
18664
5171
55402
12730
49935
26429
28107
56407
61824
40773
36845
4391
15403
4127
35032
52231
26890
58622
16492
38656
5732
5943
28467
63690
3958
64888
60199
10914
6073
13034
59460
8790
5604
19243
60808
4042
27788
52463
26183
37203
4528
6178
55651
31118
5234
10057
63695
11974
42845
58737
36149
39134
6564
7152
12491
43683
414
44112
25309
50915
486
60600
38947
17661
18446
65204
64583
58320
6946
60273
58390
2443
28768
11094
52986
49905
41229
7250
63195
53606
37899
18300
4249
1295
15504
22294
6711
11078
27589
18161
4021
4725
2266
54637
39439
24216
45397
6410
21892
65077
7483
36769
2853
6717
61309
6038
9827
64618
38469
17045
